AKEBONO (EXOS-D)        
1 19822U 89016A   16086.45106793  .00012101 -12186-6  26318-3 0  9995
2 19822  75.0384  76.9086 2000056 118.4482 263.2444 11.48397507857378
HST                     
1 20580U 90037B   16086.19888821  .00000939  00000-0  47811-4 0  9996
2 20580  28.4699  86.7109 0002877  40.8076  59.5798 15.08262287222566
POLAR                   
1 23802U 96013A   16084.95421154 -.00000006  00000-0  00000+0 0  9990
2 23802  78.3469 281.6908 7484415 342.0797   1.7484  1.29842211 96338
SWAS                    
1 25560U 98071A   16087.16784059  .00000423  00000-0  49306-4 0  9990
2 25560  69.8987 304.4784 0006878 161.9944 198.1456 14.92988105938810
ORSTED                  
1 25635U 99008B   16086.52595939  .00000078  00000-0  26478-4 0  9991
2 25635  96.4468  90.7325 0137743 234.7251 124.0998 14.47867383901458
CXO                     
1 25867U 99040B   16088.45976505  .00000451  00000-0  00000+0 0  9993
2 25867  76.1295 299.7733 7166994 262.9983 359.7658  0.37803800 14367
XMM-NEWTON              
1 25989U 99066A   16086.86506382  .00000079  00000-0  00000+0 0  9997
2 25989  67.3343  27.3248 8186430  94.7644   0.1444  0.50171735 18642
TERRA                   
1 25994U 99068A   16087.16620743  .00000050  00000-0  21187-4 0  9990
2 25994  98.2173 162.5967 0001229  79.8397 280.2986 14.57107913865578
CLUSTER II-FM6 (SALSA)  
1 26410U 00041A   16087.81654570  .00000382  00000-0  00000+0 0  9998
2 26410 131.5589 328.3803 5175289 141.3848   0.4996  0.44223130 15520
CLUSTER II-FM7 (SAMBA)  
1 26411U 00041B   16087.90793113  .00000261  00000-0  00000-0 0  9993
2 26411 130.6100 330.1002 5691519 147.8904   0.6005  0.44204920  3778
CLUSTER II-FM5 (RUMBA)  
1 26463U 00045A   16087.75334779  .00000340  00000-0  00000+0 0  9993
2 26463 134.0743 327.8044 5381435 145.4707   0.5639  0.44198830 16108
CLUSTER II-FM8 (TANGO)  
1 26464U 00045B   16087.81656212  .00000382  00000-0  00000+0 0  9996
2 26464 131.5572 328.3783 5181518 141.3516   0.4910  0.44219885 51441
ODIN                    
1 26702U 01007A   16086.78671686  .00001475  00000-0  10425-3 0  9997
2 26702  97.6305 102.4143 0012625 133.0070 227.2218 15.06397879824276
TIMED                   
1 26998U 01055B   16087.19190669  .00000217  00000-0  27919-4 0  9990
2 26998  74.0704 124.4483 0002658 269.9717  90.1159 14.87673444775008
RHESSI                  
1 27370U 02004A   16086.49657916  .00003634  00000-0  14525-3 0  9999
2 27370  38.0355 252.0186 0011596  12.4567 347.6486 15.25488976777808
INTEGRAL                
1 27540U 02048A   16088.14840360  .00000890  00000-0  00000+0 0  9997
2 27540  51.9606 208.9724 8064920 259.2323   0.1703  0.37596707 12620
CORIOLIS                
1 27640U 03001A   16086.88263735  .00000010  00000-0  25858-4 0  9999
2 27640  98.7504  97.0374 0014685 148.5162 274.5387 14.18894015684516
SORCE                   
1 27651U 03004A   16086.79158283  .00000383  00000-0  54951-4 0  9994
2 27651  39.9956 294.2619 0023836 329.3303  30.6092 14.88280639714104
MOST                    
1 27843U 03031D   16087.06042590  .00000008  00000-0  24001-4 0  9998
2 27843  98.7167  95.5491 0009222 217.5564 142.4970 14.20518278660470
SCISAT 1                
1 27858U 03036A   16086.27775153  .00000137  00000-0  24513-4 0  9990
2 27858  73.9354 351.9170 0008569 205.0083 155.0677 14.77008685679644
SWIFT                   
1 28485U 04047A   16086.16787224  .00001712  00000-0  91708-4 0  9990
2 28485  20.5577  25.1767 0011436 342.5797  17.4244 15.02975899620695
FORMOSAT-3 FM6          
1 29047U 06011A   16086.16743527  .00000161  00000-0  79695-4 0  9994
2 29047  71.9816  21.2703 0051707 206.5219 153.3270 14.28488894520785
FORMOSAT-3 FM1          
1 29048U 06011B   16086.98807892  .00000065  00000-0  42180-4 0  9993
2 29048  71.9667 292.2314 0044043 159.9539 305.6454 14.28433104523399
FORMOSAT-3 FM5          
1 29049U 06011C   16086.54450958  .00000048  00000-0  35420-4 0  9993
2 29049  72.0183  96.0613 0036092 202.8786 157.0744 14.28453133519103
FORMOSAT-3 FM3          
1 29050U 06011D   16086.10884474  .00000342  00000-0  83231-4 0  9991
2 29050  72.0172  40.0467 0052421 251.1554 108.3909 14.58249365531247
FORMOSAT-3 FM4          
1 29051U 06011E   16086.85287592  .00000181  00000-0  86425-4 0  9991
2 29051  72.0083   0.2896 0066634  73.4526 287.3916 14.28469181521734
FORMOSAT-3 FM2          
1 29052U 06011F   16086.46470433  .00000089  00000-0  51461-4 0  9996
2 29052  72.0336  70.7181 0040040 166.4790 193.7429 14.28568539519995
CLOUDSAT                
1 29107U 06016A   16086.50123722  .00000149  00000-0  43143-4 0  9998
2 29107  98.2094  30.9860 0001394  54.4979 305.6349 14.57117667527238
CALIPSO                 
1 29108U 06016B   16086.50014481  .00000248  00000-0  65066-4 0  9998
2 29108  98.2044  30.5506 0001395  79.6396 280.4960 14.57121384527162
HINODE (SOLAR-B)        
1 29479U 06041A   16086.86985376  .00000160  00000-0  39126-4 0  9997
2 29479  98.1578  88.8969 0017151 180.3774 179.7418 14.64663683507910
SJ-6C                   
1 29505U 06046A   16087.08747685  .00000708  00000-0  71607-4 0  9994
2 29505  97.8044  85.2535 0004079 121.0661 239.0964 14.94119701513100
SJ-6D                   
1 29506U 06046B   16087.21013881  .00000600  00000-0  63081-4 0  9992
2 29506  97.8222  84.3957 0002093 163.9430 196.1867 14.93083260512855
AGILE                   
1 31135U 07013A   16086.26833858  .00003623  00000-0  90072-4 0  9994
2 31135   2.4687 351.9427 0014079 239.9566 119.9091 15.27705903495045
AIM                     
1 31304U 07015A   16087.15959336  .00002576  00000-0  16003-3 0  9990
2 31304  97.9580 240.5297 0004951 205.2675 154.8312 15.10635180487414
FGRST (GLAST)           
1 33053U 08029A   16086.50377651  .00000890  00000-0  35211-4 0  9991
2 33053  25.5819 169.5812 0012782 144.1477 215.9918 15.10518461429547
IBEX                    
1 33401U 08051A   16091.61915014 -.00002623  00000-0  00000+0 0  9992
2 33401  34.7928  31.4900 5927138 151.1375 358.5142  0.11247307  3153
WISE                    
1 36119U 09071A   16087.11381459  .00001851  00000-0  73037-4 0  9990
2 36119  97.4871 108.0752 0004592  93.5097 266.6667 15.26827679348023
SDO                     
1 36395U 10005A   16082.19599164 -.00000075  00000-0  00000-0 0  9996
2 36395  28.3250 148.6080 0002114 180.2860 179.5478  1.00275562 22562
CRYOSAT 2               
1 36508U 10013A   16086.53695087  .00000032  00000-0  72369-5 0  9998
2 36508  92.0229  94.1501 0010080  70.8134 289.4163 14.52173103316190
PICARD                  
1 36598U 10028A   16087.21670416  .00000118  00000-0  41444-4 0  9992
2 36598  98.3097 272.6104 0000557 349.8461  10.2712 14.50432413305966
SPEKTR-R                
1 37755U 11037A   16091.41028187 -.00007822  00000-0  00000+0 0  9996
2 37755  38.8255  45.7767 9318024 260.5904   2.5200  0.11364580  2019
GCOM-W1 (SHIZUKU)       
1 38337U 12025A   16086.85154757  .00000141  00000-0  41423-4 0  9991
2 38337  98.2007  27.5493 0001485  82.9371 339.5846 14.57096182205222
NUSTAR                  
1 38358U 12031A   16086.99858274  .00001385  00000-0  73699-4 0  9992
2 38358   6.0275 313.8206 0012288 332.8312  27.1174 14.87292275205742
RBSP A                  
1 38752U 12046A   16085.15412519 -.00000064  00000-0  17215-3 0  9996
2 38752  10.1782  38.9453 6810733  92.2121 340.7159  2.68105927 34841
RBSP B                  
1 38753U 12046B   16085.46905390 -.00000059  00000-0  22552-3 0  9999
2 38753  10.1675  44.9028 6826191  80.6502 344.9971  2.65112005 34623
NEOSSAT                 
1 39089U 13009D   16087.16451138  .00000019  00000-0  22317-4 0  9992
2 39089  98.5877 288.3349 0011074 176.6314 183.4947 14.34329719161314
BRITE-AUSTRIA           
1 39091U 13009F   16086.18329948  .00000024  00000-0  23946-4 0  9994
2 39091  98.5858 288.4260 0010258 190.1170 169.9810 14.34962697161241
UNIBRITE                
1 39092U 13009G   16087.18920448  .00000004  00000-0  17108-4 0  9999
2 39092  98.5862 289.1785 0009331 179.2196 180.9005 14.34835735161378
IRIS                    
1 39197U 13033A   16086.48063411  .00000283  00000-0  46015-4 0  9990
2 39197  97.9140 269.3373 0027971 180.7461 179.3713 14.78161820147963
HISAKI (SPRINT-A)       
1 39253U 13049A   16086.49968165  .00000114  00000-0  68718-4 0  9998
2 39253  29.7193 119.1155 0137204 352.0739   7.7673 13.55152257125468
CASSIOPE                
1 39265U 13055A   16086.65198843  .00004989  00000-0  14808-3 0  9998
2 39265  80.9690 116.6470 0707740 104.2790 263.7994 14.18289300127952
DANDE                   
1 39267U 13055C   16086.82974074  .00003757  00000-0  11229-3 0  9993
2 39267  81.0113 121.8078 0729170 113.1206 254.8492 14.13528369127747
STSAT-3                 
1 39422U 13066G   16087.15340518  .00000417  00000-0  49805-4 0  9997
2 39422  97.7088 156.4254 0021568 274.5932  85.2846 14.89138469127390
BRITE-PL                
1 39431U 13066R   16086.78854909  .00000199  00000-0  52034-4 0  9994
2 39431  97.6806  99.2842 0204317  61.4059 300.7526 14.46686755123768
SWARM B                 
1 39451U 13067A   16086.83526042  .00000991  00000-0  43874-4 0  9999
2 39451  87.7568  21.6194 0002192  67.6744 292.4733 15.20455174129866
SWARM A                 
1 39452U 13067B   16086.52879440  .00002220  00000-0  53845-4 0  9995
2 39452  87.3504 333.3842 0002172  80.5137 279.6363 15.40432074131184
SWARM C                 
1 39453U 13067C   16086.52875016  .00002267  00000-0  55009-4 0  9996
2 39453  87.3507 334.7934 0002140  79.5343 280.6153 15.40431223131147
BRITE-TORONTO           
1 40020U 14033L   16087.13757539  .00000159  00000-0  36307-4 0  9997
2 40020  97.8997 330.3009 0086782 308.5262  50.8185 14.66226887 94574
OCO 2                   
1 40059U 14035A   16086.90611816  .00000115  00000-0  35672-4 0  9998
2 40059  98.2091  28.8293 0000817  80.6385 279.4906 14.57115936 92254
BRITE-PL 2              
1 40119U 14049B   16087.18100659  .00000318  00000-0  44858-4 0  9990
2 40119  97.9630 168.7480 0019092 106.3338 253.9977 14.83866273 86868
RESURS P2               
1 40360U 14087A   16087.17585009  .00001832  00000-0  62109-4 0  9996
2 40360  97.2806 182.3842 0006678 159.0431 290.6470 15.31801756 69948
MMS 1                   
1 40482U 15011A   16086.79166667 -.00000246  00000-0  00000+0 0  9997
2 40482  28.6709 348.9983 8155762  88.5426 205.6271  1.00494799  3811
MMS 2                   
1 40483U 15011B   16085.20494063 -.00000261  00000-0  00000+0 0  9994
2 40483  28.6741 349.1366 8158520  88.3022 351.6208  1.00496863  3806
MMS 3                   
1 40484U 15011C   16085.20472824 -.00000262  00000-0  00000+0 0  9997
2 40484  28.6783 349.1732 8157713  88.2525 351.5620  1.00495642  3801
MMS 4                   
1 40485U 15011D   16086.72049095 -.00000247  00000-0  00000+0 0  9999
2 40485  28.6901 348.9954 8157724  88.5191 179.9183  1.00495366  3811
ASTROSAT                
1 40930U 15052A   16086.96065426  .00000897  00000-0  36463-4 0  9998
2 40930   5.9941 181.7064 0013025  30.5749 329.5031 14.76301027 26767
DAMPE                   
1 41173U 15078A   16087.16220753  .00000296  00000-0  15356-4 0  9996
2 41173  97.2976 101.7514 0012306 295.2741 128.2094 15.23314852 15409
